"chromosome"	"start.pos"	"end.pos"	"Bf"	"N.BAF"	"sd.BAF"	"depth.ratio"	"N.ratio"	"sd.ratio"	"CNt"	"A"	"B"	"LPP"
"chr1"	13868	752894	0.217218446079915	16	0.151206136890449	1.28159350194966	741	2.6084313329268	5	4	1	-6.74355451138544
"chr1"	762273	2583672	0.420620619506816	313	0.0775913131370671	0.831507327536734	18816	0.227685823745877	2	1	1	-6.75662985987211
"chr1"	2583700	3079501	0.26855400504059	36	0.162245461207824	0.750712680989638	686	0.329219442762805	2	1	1	-7.16203997107645
"chr1"	3312664	12856273	0.434620571815853	538	0.0658593079746491	0.815406840343124	39615	0.23487758757313	2	1	1	-6.83645901543782
"chr1"	12888289	13424455	0.335030406933443	110	0.121267570285722	0.802048086708772	1587	0.215579784379905	2	1	1	-6.94092366369591
"chr1"	13427729	17275072	0.378464518309025	655	0.101232858478537	0.837031035220285	18445	0.252148163923542	2	1	1	-6.80007742707848
"chr1"	17301225	26797508	0.424234281595064	607	0.0716397289586876	0.809701889951948	46303	0.225078006194198	2	1	1	-6.77849584400992
"chr1"	26801758	26801881	0.225858115655311	10	0.0450985340978815	1.14792164296687	17	0.120011519054974	9	7	2	-6.74443456250354
"chr1"	26802193	120547747	0.429610486643556	2133	0.0721816584550329	0.808572214665731	248824	0.253412865106723	2	1	1	-6.90576702824289
"chr1"	120572806	121312687	0.310433254116671	32	0.104679541705211	1.00306511619277	1128	0.520856356626562	3	2	1	-6.83280677792794
"chr1"	121351905	121478973	0.319329120080291	110	0.120295044916764	0.58486004043639	595	0.162577765277458	2	1	1	-7.34534517470207
"chr1"	121479302	121484271	0.196496502033867	23	0.128434739122399	0.527591414981309	355	0.152607005299116	5	4	1	-6.94980090429965
"chr1"	121484441	121485416	0.406181552916966	23	0.0641602181794759	0.625831627087522	928	0.0432598537474245	2	1	1	-6.75550646547876
"chr1"	142535490	148022889	0.31389179155609	877	0.125508501305985	1.1233841585704	23283	0.450856291612865	3	2	1	-6.80579979040851
"chr1"	148023489	148337418	0.138261330221495	35	0.104758770515886	1.18162095966617	1968	0.494993916654795	6	5	1	-7.14138203931019
"chr1"	148342066	148881337	0.294054059469505	54	0.122360820976867	1.18281935176974	1084	0.497410783650052	3	2	1	-6.82588505314739
"chr1"	148893912	149398771	0.20438355507436	99	0.106668147021267	1.3097346686907	3620	0.562707501940766	5	4	1	-6.87180980444941
"chr1"	149553054	247363190	0.33995561250656	3262	0.0808386922410568	1.16051738463274	348022	0.378999632944244	3	2	1	-6.86810030536365
"chr1"	247375860	249211619	0.369894894081928	185	0.0781707270878493	1.05734869641057	8019	0.315146601524985	3	2	1	-6.94016500740951
"chr1"	249214223	249231026	0.222681588384576	14	0.0350482399112869	1.52340347665932	33	0.26289959124304	5	4	1	-6.77146800397197
"chr2"	38938	1983374	0.412003173404037	63	0.102281938689482	0.783841295088006	3731	0.236496259464432	2	1	1	-6.77206975495497
"chr2"	1983395	3192798	0.184064484952192	9	0.102300347561047	0.753074698698825	173	0.42695807397808	2	2	0	-7.58360715501382
"chr2"	3196040	33953013	0.436047649854852	654	0.0693136418706329	0.809305907123374	70181	0.256903492150478	2	1	1	-6.86705840610813
"chr2"	34064980	34902453	0.263105624813856	24	0.0625936978815979	0.866269628024446	96	0.255010422688612	3	2	1	-8.2375728377966
"chr2"	35444392	87371339	0.429269793291856	886	0.0711709828227751	0.813672089042919	101317	0.272972870115745	2	1	1	-6.80199702288212
"chr2"	87377477	87655765	0.332594010599279	97	0.135246408696468	0.917264840931657	1356	0.401143253138554	3	2	1	-6.8022760845769
"chr2"	87655821	90418011	0.363027266224366	262	0.123851982530245	0.761013917481832	7591	0.230640030419173	2	1	1	-6.96652303455495
"chr2"	90418059	92029095	0.293111913776481	382	0.128540046126667	1.02028866055099	4026	0.650749569258795	3	2	1	-6.86955629900723
"chr2"	92029152	92241709	0.378867367908606	91	0.100721888887664	0.868849695144764	484	0.397472736378176	2	1	1	-6.78300648081632
"chr2"	92281458	92311781	0.348547596262171	387	0.0979870261004493	0.551615370730465	2670	0.0869440055426498	2	1	1	-7.29265789075907
"chr2"	92311919	92312198	0.365115246339953	13	0.133871925016757	0.366126403586404	36	0.0483968630099756	2	1	1	-6.83752736032284
"chr2"	92312493	92325877	0.340495772290022	391	0.0986998518977628	0.558654603597975	3417	0.115961245565134	3	2	1	-7.05124589180918
"chr2"	95398764	97833583	0.385410926332293	254	0.0974833979157053	0.809666092329389	13410	0.249416110401991	2	1	1	-6.76526382096467
"chr2"	97833689	97858628	0.178092986295406	9	0.131445278009943	0.861599285608294	75	0.21962273139214	5	4	1	-6.96962726306241
"chr2"	97858632	132594052	0.413260659339413	854	0.0890385596439237	0.80181628186419	70044	0.258560176003736	2	1	1	-6.85773693203834
"chr2"	132769495	132912398	0.386907833258857	32	0.0778869114019932	1.02520128576858	242	0.344439588942757	2	1	1	-6.81002628678287
"chr2"	132914561	133025791	0.31079690616596	262	0.11685501961814	0.824862867143374	835	0.271353645841448	3	2	1	-6.89211500745618
"chr2"	133066879	162135434	0.433431384001716	405	0.0692841910693589	0.792474851490604	37941	0.26929028723547	2	1	1	-7.05034248302479
"chr2"	162135442	162138178	0.200420073002561	10	0.16856614263975	0.832744035244824	228	0.273953640826417	5	4	1	-6.75236614610679
"chr2"	162138214	243160790	0.433497262492666	2057	0.0707022468213378	0.803300231027492	210773	0.272695133149508	2	1	1	-7.02253250950238
"chr3"	417979	9970442	0.0493044946220416	119	0.0402399440587249	0.793611401091368	15273	0.235142444818827	2	2	0	-6.84069797589898
"chr3"	10088422	10264299	0.200623067650729	9	0.14879936155777	0.835250569667288	1258	0.269869571064215	2	2	0	-7.2561072765666
"chr3"	10268017	18582133	0.052644550123023	264	0.0428722509294536	0.798810626521971	23587	0.233382394951355	2	2	0	-6.78684497847484
"chr3"	18950809	19921184	0.396696397355647	9	0.151204331948526	0.805048574255939	791	0.184841673504084	2	1	1	-6.74024783439471
"chr3"	20012027	49720260	0.0550475066462392	606	0.0490779214076097	0.799111439629317	82930	0.233398246508817	2	2	0	-6.90648273393856
"chr3"	49722397	49896618	0.205813255172475	9	0.184647938280153	0.807315518710114	2876	0.20762466204352	2	2	0	-7.10681573971541
"chr3"	49897830	75591638	0.0526457471380875	498	0.0410609395846898	0.800446053926809	60519	0.242858737027585	2	2	0	-6.85642767776936
"chr3"	75679786	75692992	0.24486772168724	16	0.103072789813801	1.00518452031215	49	0.169688412429739	4	3	1	-6.80602432023439
"chr3"	75695972	75704589	0.410828197091859	21	0.0911786576949212	1.07615799156284	56	0.371474576571481	2	1	1	-6.7368072528908
"chr3"	75704598	75707553	0.24108422864695	9	0.116613082932882	1.25394615661885	19	0.172741127343848	4	3	1	-6.76041055577494
"chr3"	75707656	75781115	0.332254874006344	200	0.108733857000897	0.877955828164846	1107	0.246650533418336	3	2	1	-6.80181065300373
"chr3"	75785324	75786753	0.222000635964778	37	0.134558916843523	0.626090003414868	103	0.235351220583766	5	4	1	-6.75399291013108
"chr3"	75786832	75986858	0.292976170874831	56	0.115197141863444	0.781800352334597	276	0.304225829111886	3	2	1	-7.05597319537195
"chr3"	75986863	90494862	0.0717844433504317	95	0.0791912465329067	0.774094052575216	7059	0.250861524638191	2	2	0	-7.15217947951115
"chr3"	93768268	111966447	0.349130375354579	340	0.0809086999884388	1.12512420350127	31303	0.426765022220508	3	2	1	-6.87936322869035
"chr3"	111982074	127440083	0.443273017749683	617	0.0610062952467698	1.52122626290085	58460	0.584272709029148	4	2	2	-6.94309730989972
"chr3"	127440142	127888978	0.283388594083967	9	0.153991973095281	1.78897424422123	1839	0.439642379882975	4	3	1	-6.77126980135646
"chr3"	128081260	129303436	0.450850512420185	101	0.0585804296047175	1.5086822300204	8932	0.638444891890382	4	2	2	-7.0502726583183
"chr3"	129308169	130164149	0.282291072796672	11	0.215207468609838	1.5028298330295	2318	0.397571068260139	4	3	1	-6.73958329036411
"chr3"	130195917	133358765	0.436073679090834	107	0.101694403578926	1.49347640992543	11937	0.509416969164696	4	2	2	-6.78980309840088
"chr3"	133544676	139895087	0.396884773628046	104	0.109446424294669	1.82956102879958	18068	0.78836354732995	5	3	2	-6.74888666408116
"chr3"	140178485	181583323	0.443385794254351	475	0.0780513564225245	1.50521833255798	80128	0.583861451276978	4	2	2	-6.91109291308295
"chr3"	182178216	184826803	0.408056728055949	115	0.0866932614830884	1.84952518718382	19970	0.667588091283441	5	3	2	-6.77066337349649
"chr3"	184826820	184826970	0.132485788609446	9	0.0196814915875579	3.29539173251848	16	0.378210165340207	16	14	2	-6.73552710681099
"chr3"	184827365	188665722	0.402143922195431	128	0.0870017634335717	1.79473873971132	14239	0.650405918320481	5	3	2	-6.77128695323429
"chr3"	188707568	194478161	0.449265912293658	177	0.0652064995492147	1.5044221023423	12931	0.645312301612493	4	2	2	-6.97927287279841
"chr3"	194649523	195391157	0.306716943221996	83	0.13554961204625	2.32873142699355	3592	1.48873375067631	7	5	2	-6.74248784703212
"chr3"	195392877	195505932	0.366614523016586	138	0.108375701664665	2.31743051845916	2332	1.46842140677158	8	5	3	-6.73563697052959
"chr3"	195505944	197846927	0.338036593930217	340	0.118582644513153	2.11489373945598	19528	0.950320157072517	6	4	2	-6.7412416813924
"chr4"	51094	49093403	0.345266823688766	1170	0.0859204112445189	1.1511328094031	102078	0.400617857540045	3	2	1	-6.85936148283209
"chr4"	49093420	49659832	0.298652000789577	940	0.129893208329798	0.771044633110269	11574	0.275506522283211	2	1	1	-7.14071842969663
"chr4"	52664235	68214260	0.343646298471634	139	0.0902791474863276	1.13283366591134	17523	0.380162366567633	3	2	1	-6.84745605027555
"chr4"	68249090	68266227	0.301595511814553	49	0.108774008218625	0.809740700618689	466	0.222547684915998	3	2	1	-6.84651904379331
"chr4"	68266721	78987157	0.333249493071052	333	0.0883194088216237	1.14065502676674	33398	0.446820583522685	3	2	1	-6.78027303302896
"chr4"	78987284	83626382	0.427676997719128	132	0.0636221328805777	0.810021308017954	8181	0.240703705089914	2	1	1	-6.79926926423257
"chr4"	83742336	189663354	0.33814198007152	1536	0.0852270525531819	1.15028705636749	168723	0.437066845884829	3	2	1	-6.97120207880954
"chr4"	190155006	190906080	0.347187117872242	157	0.121910014725403	1.05473586364561	1326	0.432960774778335	3	2	1	-6.76493032527935
"chr4"	190906096	191036388	0.239197731528167	154	0.145610915915378	0.987833438274323	1699	0.415189006726478	4	3	1	-6.84119969223854
"chr5"	143571	5437380	0.366920764648267	205	0.107965787795439	1.01564549524408	13768	0.345333186153526	3	2	1	-7.32104673263636
"chr5"	5443179	5955027	0.182306013953842	11	0.13983509768815	0.959383743925316	719	0.293120771540604	2	2	0	-7.2793097015153
"chr5"	6337241	45260537	0.383414578725371	629	0.0846901385463532	1.01856849386181	58210	0.358312255529345	3	2	1	-9.42346451877675
"chr5"	46323590	46327619	0.304455124137583	29	0.134638029600772	0.709800773888501	110	0.149186864984499	3	2	1	-6.80883646797636
"chr5"	49405844	49535067	0.271016078867913	69	0.128690169968601	0.62586704945164	680	0.219105845772427	2	1	1	-7.45275468679234
"chr5"	49694143	180751660	0.384415035261736	2767	0.0783092909660052	1.033165953558	290014	0.340786635806762	3	2	1	-11.7803324008844
"chr6"	138210	335424	0.253147103929759	10	0.189893215606386	0.848798240598052	273	0.333652174366336	3	2	1	-6.97755294145892
"chr6"	347888	397013	0.434561673368656	13	0.141242426617936	0.764899878192594	439	0.18302016908711	2	1	1	-6.75945431974663
"chr6"	397290	601200	0.0383629390379152	18	0.0312428815421821	0.794291958636148	868	0.206118599004738	2	2	0	-6.91086725772811
"chr6"	601269	1054102	0.0950443575065947	9	0.197945980285307	0.763603708719501	307	0.327810501305778	2	2	0	-6.76882422251018
"chr6"	1101323	26453085	0.0524186351250617	570	0.0383622481733476	0.811245832413979	45559	0.265174911109352	2	2	0	-6.75172098994264
"chr6"	26637331	27162913	0.180213006481742	13	0.101733689551415	0.803179079408652	676	0.249878287738019	2	2	0	-7.52306067593273
"chr6"	27279852	27706180	0.0480252088690703	26	0.0386266747209749	0.754584429375889	867	0.236270756245595	2	2	0	-6.78511726823329
"chr6"	27750741	27979625	0.122469516466497	9	0.16676138974928	0.782813237474912	1311	0.204654769585881	2	2	0	-6.83458928266182
"chr6"	28060398	31921614	0.0439685748478068	75	0.0424554965721659	0.833170368914169	14048	0.383094449403205	2	2	0	-6.78231873967806
"chr6"	31959714	33035974	0.217828383740134	9	0.189702911006775	0.77914757358516	3820	0.45809012702513	2	2	0	-7.15028820296801
"chr6"	33035980	35749059	0.0452890478538967	143	0.0469775466022133	0.823225091471075	13183	0.277512844955689	2	2	0	-6.76211609636104
"chr6"	35755658	35765177	0.454398179880518	11	0.0371116252308185	1.11862706103579	182	0.240663352591444	2	1	1	-7.58408383644823
"chr6"	36100669	40359744	0.0587491621219732	160	0.0589958794931461	0.795195438004406	14876	0.23549097960783	2	2	0	-6.77144769880936
"chr6"	40360755	40705941	0.192995564070371	9	0.148974084248831	0.788236944420258	136	0.263991068934394	2	2	0	-7.20904408913899
"chr6"	40998167	57074911	0.0577599781598143	545	0.0504321784938036	0.799779411928524	51159	0.244389291565863	2	2	0	-6.8150502912285
"chr6"	57244672	57398047	0.389601889728316	55	0.0976447212218438	0.841105822827365	206	0.233153420619916	2	1	1	-6.75372725854728
"chr6"	57398081	57595950	0.329353229868445	144	0.108078318282035	0.964449622424998	561	0.355703629267687	3	2	1	-6.78055631563325
"chr6"	57595963	58779097	0.239094536152151	9	0.181794603269123	0.446636183369576	1015	0.2154797087937	1	1	0	-7.07088743372834
"chr6"	61898549	61914401	0.332375861543883	54	0.0908905951104118	0.679455689218778	428	0.199432396581153	3	2	1	-6.81298720979994
"chr6"	62390916	64708907	0.0643179327650922	12	0.0470173243377246	0.764067269691392	2074	0.1928588918012	2	2	0	-6.92312120411078
"chr6"	65301504	66015153	0.246777762344645	9	0.175440239904583	0.853369348030418	644	0.216964423247346	2	1	1	-7.21307301914282
"chr6"	66016159	116773400	0.0560046150701854	680	0.0481665145597807	0.813618116364993	72742	0.279110459189656	2	2	0	-6.74433113569768
"chr6"	116774259	116782734	0.244276751339257	9	0.143472219533183	0.901246441717212	82	0.261023024119994	4	3	1	-6.7669753221564
"chr6"	116783330	128324241	0.0527632282901798	141	0.0396501315012301	0.796895396879962	17595	0.279643962438886	2	2	0	-6.79576775193998
"chr6"	128403745	129601062	0.292974133864869	9	0.174578142325372	0.765715147163624	1124	0.199490562548395	2	1	1	-7.05713593375689
"chr6"	129619059	131505686	0.0416776698770977	24	0.0432109755247102	0.796887950806242	3508	0.252419472735625	2	2	0	-6.80594499473121
"chr6"	131979652	132030195	0.247215477879415	9	0.192375573062463	0.76374367340201	371	0.279152197710162	4	3	1	-6.92560353019126
"chr6"	132030966	136472496	0.051892835983644	108	0.0463354250706335	0.791123095445724	8934	0.235620428067648	2	2	0	-6.78975760820719
"chr6"	136582497	136943884	0.397253546611781	9	0.130903059976118	0.82595969381138	1274	0.28894901366043	2	1	1	-6.73672232189951
"chr6"	136977568	157731596	0.0590247283060666	408	0.0475403812551179	0.80581314737794	38281	0.269291758394421	2	2	0	-6.77473802939864
"chr6"	157731601	157731824	0.324438624360831	11	0.129964470669347	1.65612912787854	99	0.356237795488705	19	13	6	-6.73722726765728
"chr6"	157731857	157735374	0.311454443571001	21	0.120976817928851	0.670144687999168	176	0.125189242722793	3	2	1	-6.81549699828178
"chr6"	157744588	160131920	0.0514129003815403	113	0.040003810264162	0.808581790243765	7326	0.288379066920172	2	2	0	-6.74160123747729
"chr6"	160132221	160132822	0.346510793098174	13	0.0881364036084162	1.01491016219672	87	0.126095266785873	3	2	1	-6.73475894477841
"chr6"	160133449	167275895	0.0713824134491968	158	0.0882438490816772	0.792837743148542	12730	0.268325945783635	2	2	0	-6.80992631853529
"chr6"	167411115	167621890	0.318232839665887	27	0.134203920612225	0.82435249962333	1257	0.237907216680982	2	1	1	-6.98579071839408
"chr6"	167704622	168371755	0.13794931450809	54	0.127966743419467	0.785443193077234	2451	0.230388104344536	2	2	0	-6.98470028493993
"chr6"	168376847	168377220	0.385810146493318	10	0.0908674859341888	0.886151597782337	44	0.257796771654897	5	3	2	-6.73519396370773
"chr6"	168377309	171054647	0.0852542891745192	59	0.114590884100254	0.795134362694718	5445	0.252054716801946	2	2	0	-6.79345359209896
"chr7"	159843	51459881	0.429647388670867	1534	0.0770582075045631	0.807655150138829	109432	0.25608921957384	2	1	1	-6.85862081150471
"chr7"	51459887	51459989	0.196744173416242	9	0.0854663676541831	1.17938012408804	13	0.156908474056595	16	13	3	-6.74073593996344
"chr7"	53070750	53934276	0.444705865972355	17	0.0430201731065514	0.78243978715788	510	0.216507469204349	2	1	1	-7.17971819524143
"chr7"	54487072	54487217	0.11724097898766	18	0.0292188608618707	1.17920610034441	22	0.296389752321812	18	16	2	-6.7360533950233
"chr7"	54609820	57679789	0.396231357273534	290	0.109926129593045	0.810628316539081	9601	0.283169429917383	2	1	1	-6.74085681177324
"chr7"	57679852	57886104	0.315330890077603	198	0.121896748562697	0.951085715294153	643	0.316006044587428	3	2	1	-6.82081663102802
"chr7"	57886329	57896680	0.30968588193698	41	0.134681774891055	0.548211191168748	85	0.151880843941237	3	2	1	-6.92343573689983
"chr7"	57896905	57905597	0.328731800645461	74	0.110446255783129	0.958149274494848	211	0.337219020846634	3	2	1	-6.74444808593239
"chr7"	57905772	57997373	0.246960976135973	50	0.120439799510471	0.604638929896361	390	0.183939169905602	1	1	0	-7.6488769383938
"chr7"	61083386	61083450	0.438199421266155	9	0.119016222050236	0.317843330694457	24	0.0343738767932438	2	1	1	-6.80241172821077
"chr7"	61083463	62471357	0.302493034359216	103	0.134637352313953	0.560091614173202	1429	0.264441486711797	1	1	0	-8.34005792987711
"chr7"	62548420	100487520	0.42106624296982	898	0.0891905574514827	0.818536618608947	90868	0.268090128729829	2	1	1	-6.74767492539442
"chr7"	100547238	100554779	0.352622394847346	197	0.0801849123582197	0.784709799710553	1030	0.103026595313084	3	2	1	-6.81314908044419
"chr7"	100554788	100608180	0.266591089471918	33	0.0989555972508515	0.828118016332732	140	0.183031332436959	4	3	1	-7.08450371717602
"chr7"	100608247	141750472	0.425873183933324	957	0.0769091358820255	0.802002908188362	92380	0.25903328025641	2	1	1	-6.90837299396703
"chr7"	141759956	142211193	0.37128062945352	153	0.0776907110099231	0.763288995106597	3691	0.202473184001349	2	1	1	-6.88996548970277
"chr7"	142231455	142247757	0.245259809737076	37	0.0789479624865695	0.725512440531298	227	0.149449797650766	4	3	1	-7.01041180047639
"chr7"	142251190	142475557	0.34364972523115	138	0.100922116065086	0.769014855621657	1110	0.22328177670537	2	1	1	-6.97212268313474
"chr7"	142498673	152100365	0.411626767263782	321	0.0831400850037073	0.794907466696351	31915	0.228370951002393	2	1	1	-6.82395946806593
"chr7"	152100370	152110843	0.273673733323496	66	0.14875251344569	1.28894697756542	249	0.584556946898793	4	3	1	-6.7357576502712
"chr7"	152111070	158387973	0.420633084265126	230	0.100628284881765	0.819670688138921	10149	0.285313771761804	2	1	1	-6.74392662369038
"chr7"	158413324	158835804	0.425675187039018	93	0.0911023267600448	0.813312805023172	2521	0.292181254104789	2	1	1	-6.75775297679197
"chr8"	148241	608995	0.0731012610301009	32	0.0827951160999246	0.880072126588865	1118	0.280448821241031	2	2	0	-6.77876355480139
"chr8"	609051	609879	0.312124930538926	9	0.150143079908614	1.25528442578266	121	0.220811932431498	10	7	3	-6.74676112643776
"chr8"	609880	1791685	0.047799501947171	44	0.0381215578281811	0.849133055412148	1948	0.229691885161932	2	2	0	-6.77612865189829
"chr8"	1792547	1808639	0.153819501173313	11	0.148145260409566	0.986893010841122	64	0.473600476885686	7	6	1	-6.77444705223059
"chr8"	1814737	7215484	0.0526862868052947	140	0.0538319852043191	0.855117209556392	6345	0.31537402208728	2	2	0	-6.7981677011455
"chr8"	7260076	7398339	0.290772795124257	35	0.133222313723901	1.03165429557667	1330	0.278172469359764	3	2	1	-6.84214639455955
"chr8"	7398650	7637435	0.119498401713694	39	0.151135593462745	1.13526303235547	996	0.518619481021036	2	2	0	-6.89540813218865
"chr8"	7637746	7885406	0.305082896990682	26	0.113167547672263	1.03253537956441	1471	0.352764372695052	3	2	1	-6.81988293794272
"chr8"	7886901	11970688	0.0735741431118064	115	0.0660261464978666	0.87959675675174	9400	0.273487958412605	2	2	0	-6.94555360316149
"chr8"	11995062	12052177	0.327212476105372	10	0.120124009997077	1.05655163343685	165	0.45637195730526	3	2	1	-6.74488471298666
"chr8"	12236652	36790339	0.0495235501937325	608	0.0527068408671979	0.872785517373259	53412	0.288403607314237	2	2	0	-7.40575129227228
"chr8"	37089066	38368752	0.446011309190467	52	0.0567939038217326	1.63300913369338	9186	0.535500993935357	4	2	2	-7.00916985332952
"chr8"	38458109	43056513	0.315909009034218	141	0.0866347788347655	1.23854616859705	16316	0.454185202021273	3	2	1	-6.81836057393874
"chr8"	43092784	43825830	0.340086035480179	216	0.111750230216713	0.77122962846969	2539	0.439587898052387	2	1	1	-6.94975512230563
"chr8"	43826960	43838444	0.317080575856697	64	0.0974719014761739	0.861949825176871	759	0.234621013579646	3	2	1	-6.78622134724481
"chr8"	46839044	49158906	0.309417751469378	134	0.107002748588943	1.12346656052333	7231	0.479319112369494	3	2	1	-6.80565091606201
"chr8"	50265295	86561060	0.426645677169826	539	0.0869745287373755	1.54886222406169	63126	0.661503449094035	4	2	2	-6.76310042671395
"chr8"	86562583	86838757	0.240627836339344	42	0.142234017307543	1.49469019381834	3302	0.613002245271773	4	3	1	-6.75085483001398
"chr8"	87055718	107371924	0.435268261428367	316	0.0805239634517196	1.57113409889427	46619	0.630319071465336	4	2	2	-6.81311651615898
"chr8"	107512507	107512701	0.0618920512009753	11	0.0499101009998796	0.937598589974086	19	0.116174425223555	2	2	0	-6.74300746814633
"chr8"	107602279	144140280	0.439454608424414	735	0.0876373692207755	1.5580510258008	65175	0.623013743281461	4	2	2	-6.81671317357075
"chr8"	144154471	144154550	0.152451625701615	9	0.141109098848295	1.37139561442036	23	0.220376842179867	7	6	1	-6.73374999712783
"chr8"	144162364	146171748	0.439106656534228	213	0.0853179668127898	1.49876427715979	25147	0.385096640983686	4	2	2	-6.82371048641522
"chr9"	12791	117696	0.319024024187503	9	0.0980854219545392	0.801372472661051	134	0.231257002368907	3	2	1	-6.9400936353427
"chr9"	213149	21696939	0.0547538946263251	319	0.0477434795290691	0.791184959751571	32598	0.283969647242691	2	2	0	-6.90565354333745
"chr9"	21816646	22154691	0.34532330555429	20	0.140212470351625	0.440919510609646	806	0.420536978674072	2	1	1	-7.25643750332211
"chr9"	22446751	33385603	0.0710815760104261	119	0.0915123024271243	0.792211825640134	10390	0.248819042488938	2	2	0	-6.85719361550399
"chr9"	33385863	33391611	0.299946307822813	21	0.0629205848669575	0.822899706143852	73	0.130664507309061	4	3	1	-6.99359471065692
"chr9"	33395424	33795298	0.0887332946135317	27	0.0864399895584896	0.795554252736859	1825	0.267190941642568	2	2	0	-6.82301870768956
"chr9"	33795311	33799304	0.336117063754468	54	0.091212555377867	0.791232062850611	272	0.163162252904087	3	2	1	-6.75048962866122
"chr9"	34086859	35237520	0.0661687141183707	47	0.0553101590218906	0.80485734422926	8012	0.20598425710003	2	2	0	-6.75952299708627
"chr9"	35295984	38610308	0.436650928496376	133	0.0639460480470365	0.798177562872803	15010	0.221957596385048	2	1	1	-6.88201452658957
"chr9"	39149855	47022743	0.312491516070567	273	0.132467433684118	0.818396074872802	5615	0.30084786278359	2	1	1	-7.02494346855844
"chr9"	65506522	66721330	0.333384092487484	276	0.121952991008053	0.830965422303524	1999	0.255036504267437	2	1	1	-6.94783470649614
"chr9"	66780356	67711032	0.336092154819913	172	0.120640955061205	0.613265110219914	1655	0.21477271163389	2	1	1	-7.80088229412067
"chr9"	67791157	68422552	0.296676308199185	399	0.125416581591306	0.885470326499431	1879	0.376101417668533	3	2	1	-7.02781761794478
"chr9"	68423906	68426222	0.284287252486626	33	0.144794845724856	0.553272616143588	123	0.193104716567745	4	3	1	-6.78293783188471
"chr9"	68426275	69385619	0.323744302916742	267	0.121372529991676	0.927777308470216	1482	0.553726589582943	3	2	1	-6.85555124545347
"chr9"	69441043	70177655	0.331928162246042	127	0.124594446718066	0.705738717256609	1567	0.378864269684714	2	1	1	-7.01064213319361
"chr9"	70327429	70327561	0.249019906674809	17	0.194907953388561	0.374208120884619	24	0.0429866005411798	4	3	1	-6.82201501888531
"chr9"	70362501	135961809	0.430424689309282	1820	0.0700504892211315	0.804192222389151	173611	0.250559626489074	2	1	1	-6.97468178881853
"chr9"	135962473	135962605	0.114263680384674	9	0.0810339435051757	0.734382871009224	13	0.0604416438202363	1	1	0	-6.7575162249654
"chr9"	135974079	141094152	0.413923461456711	505	0.0778826880077282	0.817700270066932	37296	0.233090054102355	2	1	1	-6.7375306772116
"chr10"	93603	38911874	0.42703476421277	977	0.0818343046499315	0.804448410209996	70675	0.279033816060173	2	1	1	-6.85043223405018
"chr10"	38930670	39137507	0.336676006234452	163	0.135786283240806	0.667661434863894	1345	0.347299815762516	2	1	1	-6.93271607654699
"chr10"	39137542	39154847	0.202369389786605	36	0.151228230756621	0.650207448578576	208	0.154228312421181	1	1	0	-7.05366111550393
"chr10"	42356100	42528126	0.347309892045371	516	0.120533996054482	0.734716944799383	8322	0.150346578729328	2	1	1	-6.92971502892409
"chr10"	42528146	42534720	0.358459523082335	100	0.101139219980094	0.573372518995149	856	0.0976352667155042	2	1	1	-6.9209225408259
"chr10"	42534946	42535544	0.25249111869643	31	0.126663316311096	0.837553994000319	135	0.0797775458821355	4	3	1	-6.75982468273033
"chr10"	42535605	42544659	0.267991179933353	95	0.123532490251821	0.642264459519926	535	0.246337472573264	4	3	1	-6.80171866119818
"chr10"	42546020	43013967	0.34680440581481	94	0.105815585406158	0.777865760356037	2674	0.250675436497331	2	1	1	-6.93355703954817
"chr10"	43014780	88988731	0.428224258517524	1167	0.0808809327960327	0.801907089620635	90071	0.253459801037824	2	1	1	-6.93819581793117
"chr10"	88992696	89127086	0.197569583241859	17	0.132086146131985	0.835159981487479	299	0.291566187989718	4	3	1	-7.22442900738688
"chr10"	89128288	127524612	0.434582789850403	1017	0.0721237799058015	0.807779144510991	110412	0.26407279596424	2	1	1	-6.87014975786549
"chr10"	127525072	127584770	0.28368942991744	18	0.122118138985497	0.761276802273634	447	0.374632277420245	4	3	1	-6.87273293687173
"chr10"	127584927	135465850	0.416333545572436	279	0.076668031845669	0.805347248844434	16906	0.23179971916905	2	1	1	-6.76286489630932
"chr10"	135473889	135524461	0.230503940189247	295	0.137962643225845	0.891303606008152	3568	0.452294229483127	4	3	1	-6.81460251175821
"chr11"	189683	194833	0.215641320758608	12	0.130289508635984	0.789547424602361	117	0.157404002153373	5	4	1	-6.82884668770851
"chr11"	219089	4675056	0.346785835623652	660	0.0830180420179928	1.15304399250377	33631	0.327676600511546	3	2	1	-6.74986343714142
"chr11"	4675784	50471936	0.341184646472531	1686	0.0761933399740947	1.13065835199419	126392	0.370555607039839	3	2	1	-7.10403057592252
"chr11"	50724719	50758280	0.257739118901206	26	0.138757829993898	0.601608017511297	114	0.366881995177392	4	3	1	-6.86498716398193
"chr11"	50758284	51593061	0.374048195750064	89	0.0979757049683489	0.758347477278735	3744	0.230866510537904	2	1	1	-6.85426830906773
"chr11"	55012534	125874158	0.346562213413308	2750	0.0813907403092569	1.15146483539143	280406	0.364137906158872	3	2	1	-6.94651517765765
"chr11"	126294261	134927578	0.394602349853427	152	0.0712924156614642	1.27387126050332	17581	0.480466031735619	3	2	1	-7.15993607828386
"chr12"	74293	33535427	0.337808066665117	1638	0.0878186280776035	1.15206403283547	115574	0.392160554953623	3	2	1	-6.81951287213822
"chr12"	34831330	34841526	0.212924560890367	38	0.152664732750852	0.477744817686087	246	0.138966459994793	1	1	0	-7.04727474730422
"chr12"	34841536	34852706	0.375660379858868	27	0.0898584039672014	0.739953750290271	122	0.150220150959297	2	1	1	-6.80894844419086
"chr12"	37934018	38133693	0.257321284432922	40	0.152427366057007	0.690414971571554	302	0.399088493082392	3	2	1	-7.12498202292792
"chr12"	38133701	41992934	0.348569976324582	75	0.0672155816341301	1.12595804838607	9233	0.422330209409088	3	2	1	-6.76829427895231
"chr12"	42477189	42538340	0.166810895361838	30	0.0312928327147023	1.11083948892351	596	0.346585687922641	6	5	1	-6.99764466438099
"chr12"	42681954	53242641	0.345004642609414	623	0.0819725908710101	1.16532746530596	55532	0.356892980243121	3	2	1	-6.74358850526236
"chr12"	53342968	53343158	0.0373653919985103	19	0.0354766210802953	1.53742683258631	26	0.562972752448997	3	3	0	-6.7337223826993
"chr12"	53343493	133812682	0.345777949579122	2176	0.0785827435596501	1.16504875337224	265384	0.387740705365055	3	2	1	-6.80033555186591
"chr13"	19043210	19381046	0.238335393754087	16	0.11871674973089	0.817949580976136	327	0.379326180228241	4	3	1	-7.28543878447458
"chr13"	19520922	25670127	0.0742666486581209	276	0.0788734915417353	0.797126916362243	16339	0.291435633053102	2	2	0	-6.79566993914404
"chr13"	25670851	25671292	0.450332998074972	16	0.0287992332073848	1.01532578743152	56	0.0841131504458255	2	1	1	-7.84745074845848
"chr13"	25735795	52482429	0.0560851609572913	401	0.0498941501776024	0.795913230087708	54148	0.283333466398412	2	2	0	-6.87921676954872
"chr13"	52482736	52809355	0.143785358996861	10	0.17486467783848	0.796500291025219	2094	0.210099577276669	2	2	0	-6.88533799793711
"chr13"	53171317	61989540	0.0662038127115468	28	0.0479228187907031	0.786612309795036	3623	0.272436832159478	2	2	0	-6.86996575286095
"chr13"	63629976	65532178	0.198482923485529	9	0.0733827485024769	0.775085529514142	234	0.301071062407288	2	2	0	-8.46405848433146
"chr13"	65532930	115071390	0.0604221858492996	507	0.0649760470713411	0.789179158221893	51465	0.273909845560893	2	2	0	-7.20710229945934
"chr14"	19026324	19028390	0.199243580231191	14	0.156805962546422	0.556925257554171	71	0.123376830294513	5	4	1	-6.86006172919045
"chr14"	19028410	19890214	0.314205519066258	142	0.104792575918505	0.857882335541433	2841	0.324565038018655	2	1	1	-7.18275794825379
"chr14"	19945247	19945327	0.0285844877612806	9	0.0565702611311318	0.542573387427391	28	0.0792707169189642	4	4	0	-6.74157863938148
"chr14"	19961624	20400550	0.333106193786879	118	0.0911110366030018	0.773044139402551	2626	0.230158954152765	2	1	1	-7.12135525328619
"chr14"	20403703	106128535	0.434293916941765	2346	0.0680922896208174	0.812215372675148	228142	0.25841916197168	2	1	1	-6.86516964205981
"chr14"	106139172	106234725	0.236375356408106	15	0.129045654527307	0.952116574584857	353	0.350702023908878	4	3	1	-6.86964359741421
"chr14"	106251914	106791523	0.412382057808124	137	0.0691573802094972	0.902769543912988	2935	0.241229251351456	2	1	1	-6.79004129139217
"chr14"	106793306	107282973	0.318174720048241	119	0.0968823969154108	0.925302813592558	2771	0.264013736188041	3	2	1	-7.01342520300746
"chr15"	20083754	32917986	0.346367863920511	823	0.126371291294872	0.791538352886962	36198	0.254648039446216	2	1	1	-6.99455817041656
"chr15"	32931904	75541442	0.428877474935097	1480	0.0740755069861046	0.807177014356156	153692	0.257294893507793	2	1	1	-6.85175689963292
"chr15"	75561058	75630635	0.216574253934457	14	0.118462425071607	0.872965214229546	716	0.24770178733367	4	3	1	-7.04538208026582
"chr15"	75643759	78196749	0.434978897263636	104	0.0703382710012009	0.807040549714975	9091	0.267488062210039	2	1	1	-6.8291972850144
"chr15"	78200581	78202326	0.189627725836407	13	0.0727569716458631	0.629323448029279	27	0.117195480402534	6	5	1	-6.8658114860217
"chr15"	78202350	102254978	0.427274949667978	761	0.0833264969277792	0.804708710286174	63575	0.239800868571611	2	1	1	-6.83428584111403
"chr15"	102264304	102517868	0.352314876465595	60	0.12951048209219	0.833283939330333	1708	0.272482677005867	2	1	1	-6.83952805254191
"chr16"	61641	1278424	0.432697297510847	292	0.0854935266215854	0.830598249717003	12974	0.22225881445604	2	1	1	-6.7894587506795
"chr16"	1278744	1306377	0.260996246916167	28	0.107655308015515	0.834815436007348	230	0.216004604265704	4	3	1	-6.86578067371329
"chr16"	1311333	28177953	0.427936641912961	990	0.0763437351695838	0.816704925385468	89926	0.248053473598938	2	1	1	-6.77770724002633
"chr16"	28181340	33013664	0.359058243278241	238	0.129998627593747	0.836443826059724	33285	0.240691369765582	2	1	1	-6.83893260286159
"chr16"	33038015	33319413	0.238964575565168	33	0.115559098746184	0.894886974047179	439	0.315235473034845	4	3	1	-7.23213677673735
"chr16"	33372666	33975854	0.331127631883456	742	0.116623792975671	0.841536522664917	5060	0.309180196000665	2	1	1	-6.98096342462034
"chr16"	33975918	35279721	0.280725228697328	82	0.145649675294108	0.706197468026007	1893	0.292341602788313	2	1	1	-7.34575237191405
"chr16"	46386589	46658857	0.332603238353137	222	0.127592984171863	0.377835054504343	5826	0.13458282923879	1	1	0	-8.55524685840616
"chr16"	46697098	55794635	0.0900797959042115	108	0.0676671347220741	0.446405639542434	14936	0.150866541407082	1	1	0	-6.81225099427956
"chr16"	55807448	55854514	0.349700122387405	11	0.119827603436998	0.3390973782864	261	0.141368824368703	2	1	1	-7.80196454793916
"chr16"	55862605	90161231	0.100576871070931	1243	0.0860041499799998	0.453737654377186	89017	0.142305933506769	1	1	0	-6.73340935019944
"chr16"	90161578	90244501	0.257675995853313	13	0.153282711822272	0.584559767216539	161	0.219882274578723	2	1	1	-7.36953682472133
"chr17"	11837	5034048	0.101687742214013	411	0.0813542146593172	0.45949529355933	25445	0.134355220360858	1	1	0	-6.75758512054744
"chr17"	5036138	5036453	0.424532092280206	15	0.0676083257763843	0.556470885183104	30	0.088613334146198	2	1	1	-6.77586096034693
"chr17"	5037281	18303722	0.103010291725132	780	0.0862652456223497	0.448340009024161	53919	0.136697068413356	1	1	0	-6.79996719174127
"chr17"	18314830	18574872	0.333291272915522	27	0.148636519115643	0.533175992277885	1805	0.223608886640094	2	1	1	-7.40098706281799
"chr17"	18574998	18924188	0.139106596829332	49	0.10346926817071	0.472307057203049	2193	0.166267721700543	1	1	0	-6.83091327330676
"chr17"	18939455	20397331	0.355494651942674	47	0.0900950726130913	1.1296644573437	7123	0.363550293917516	3	2	1	-6.75890705350413
"chr17"	20397342	20489364	0.172963448794257	28	0.152440256317128	0.983822654986034	715	0.377259906760612	5	4	1	-6.94372538915859
"chr17"	20497412	21218463	0.399005072670729	234	0.0703770771003024	1.15826832980405	3575	0.44411041560028	4	2	2	-6.9186474164112
"chr17"	21221369	22066870	0.317101085368254	546	0.118739117304664	1.07682787316215	2990	0.400175933440652	3	2	1	-6.78788353431803
"chr17"	22067036	22261601	0.350940680632202	191	0.118654559738373	0.754272045681666	3048	0.167658162798544	2	1	1	-6.89207974376667
"chr17"	25263270	25327649	0.23411528544655	123	0.142854667235456	1.02232123522283	1310	0.309730288161402	4	3	1	-6.82874127344274
"chr17"	25327659	81083419	0.33546701282639	2499	0.0883688688199277	1.18350575676514	278424	0.376731377983883	3	2	1	-6.73727794425479
"chr18"	12976	215345	0.312612305029357	83	0.0977432888450769	0.702309962341131	2930	0.229541453803068	2	1	1	-7.30097918714525
"chr18"	218753	15330346	0.420718437773392	474	0.0745218491686478	0.812827197272072	28409	0.266921981091377	2	1	1	-6.75787353417512
"chr18"	18510944	18512238	0.303612587890923	69	0.104710148791877	0.46691194323718	277	0.138727332935004	3	2	1	-6.84953578274777
"chr18"	18512328	18520316	0.34922748498465	284	0.10860748306628	0.633349130015451	1909	0.10806742989044	3	2	1	-6.89094665063392
"chr18"	18529872	77997052	0.431550127172161	697	0.0654928595896819	0.802479415809129	79473	0.262058585903456	2	1	1	-6.99971869356727
"chr19"	107329	7512065	0.425323909563594	813	0.0821009833371469	0.831371675065947	48835	0.246682215266334	2	1	1	-6.78133395119609
"chr19"	7515546	7515890	0.231421202245929	12	0.164610743785747	0.573314590439263	60	0.126150430333972	5	4	1	-6.75794226946905
"chr19"	7516243	24015602	0.427203792027756	1491	0.0757514953867953	0.835657182397065	106719	0.251756626010102	2	1	1	-6.84509583280081
"chr19"	24364344	24614399	0.254217310762415	9	0.062422841261121	0.512108600584359	191	0.174891042567823	1	1	0	-9.20453926693615
"chr19"	27731890	27736733	0.377439816767134	85	0.102953481377422	0.57268187021603	1177	0.0820278644381011	2	1	1	-6.83708530795352
"chr19"	27736814	27868695	0.256333408997179	57	0.133345916542827	0.712284323496025	471	0.134512618821157	2	1	1	-7.49929159875638
"chr19"	29282465	56280399	0.424073141592932	2387	0.081895351399409	0.811294399474982	172256	0.233812824635965	2	1	1	-6.77843442238511
"chr19"	56280463	56284614	0.243407270782612	18	0.105171149029738	0.819658327187256	140	0.135663920902862	4	3	1	-6.81182189050634
"chr19"	56307583	59082639	0.43427149940579	250	0.0686213475044999	0.798644292249501	19173	0.221273731888265	2	1	1	-6.84454397643554
"chr20"	76962	18477614	0.435650766262494	578	0.0649767183343895	0.826529514203369	41130	0.26012244900268	2	1	1	-6.86358413823941
"chr20"	18480644	18480786	0.102125726390582	9	0.128429941991733	1.08335225923058	17	0.065547243851062	1	1	0	-6.74821783165392
"chr20"	18485551	25733466	0.435795420250563	212	0.0636828326510468	0.817529718524546	13922	0.263900382671534	2	1	1	-6.85180574853677
"chr20"	25733485	26318583	0.331419951880044	418	0.124625608359662	0.873045755814761	2291	0.389159566629119	3	2	1	-6.94340526398575
"chr20"	29447518	29847211	0.327975825949582	271	0.128515439130276	0.855223669045661	1659	0.303187150516398	2	1	1	-6.95785256229671
"chr20"	29847618	46523592	0.435092713891833	564	0.0648284717176622	0.831335695051018	67989	0.238107592061501	2	1	1	-6.88806912475874
"chr20"	47132121	47132281	0.218182495023787	14	0.133008881798783	0.854595464921469	37	0.128717145725049	5	4	1	-6.73718732323506
"chr20"	47132292	62607160	0.434296108574293	493	0.0803919176277181	0.844023818929738	46639	0.258543211539403	2	1	1	-6.93380287957324
"chr20"	62609670	62928410	0.342522241785512	30	0.14053713052952	0.844437704409808	2500	0.272782743332976	2	1	1	-6.86002054930491
"chr21"	9426943	10906293	0.31179881278502	371	0.135473687793996	0.894604037721318	3630	0.39083203008585	2	1	1	-7.06283066496236
"chr21"	10906360	11186722	0.31159632236006	311	0.135971014455725	0.990352804015499	2529	0.481094104361535	3	2	1	-6.78665314240967
"chr21"	14353059	15352253	0.29800516052099	114	0.110893575957471	1.10253247664	1659	0.659565901918328	3	2	1	-6.83504434445284
"chr21"	15399864	48118743	0.342088384398572	1127	0.0817294844358432	1.15156425463459	84048	0.42066796979399	3	2	1	-6.80762871033736
"chr22"	16065536	16906815	0.329616842694267	150	0.123921470406627	0.893734262352354	2114	0.333279004559793	2	1	1	-6.99475959621844
"chr22"	16914700	43045695	0.338596506205954	1636	0.0946057966154857	1.1644655001454	141938	0.357995321971526	3	2	1	-6.7613007226453
"chr22"	43088463	51220938	0.266782183385503	581	0.0819333062592991	1.04111658667894	32921	0.315025887306183	3	2	1	-7.90970229682207
"chrX"	200424	57313357	0.416424967954879	645	0.0857741283989808	0.874610469719001	115358	0.291799132838145	2	1	1	-8.15148788935767
"chrX"	57318907	58581860	0.359299917158813	105	0.12334450102889	0.711356591254938	3642	0.325020046032803	2	1	1	-6.95890322690394
"chrX"	61682360	65175487	0.31398040500869	191	0.124241675748661	0.750934754327079	8337	0.269439556366827	2	1	1	-7.25711472693456
"chrX"	65241768	155227607	0.409855178643205	926	0.0906724054818874	0.860083170831765	168039	0.26602639151505	2	1	1	-8.21789208644599
"chrY"	150424	10043134	0.362879939586532	214	0.113699632083109	0.935587197653138	3857	0.351757561214682	2	1	1	-7.58315900776932
"chrY"	13140492	13868460	0.286491499722458	535	0.128123752591618	0.784579392626063	7015	0.297515399810476	2	1	1	-7.23168970653564
"chrY"	13868481	59356910	0.294184974008462	368	0.128887415956271	0.945960469127157	3132	0.343767812306618	2	1	1	-10.0586966721123
